function [out1, out2, out3, out4, out5, out6, out7, out8, out9] = PS4_ship_heading_RST_example_aliasing(a)
  %PS4_SHIP_HEADING_RST_EXAMPLE_ALIASING  Autogenerated by sympy
  %   Code generated with sympy 0.7.6
  %
  %   See http://www.sympy.org/ for more information.
  %
  %   This file is part of 'project'

  out1 = -3.0*a + 0.424086901691283;
  out2 = 3.0*a.^2 - 1.27226070507385*a + 0.932044162924379;
  out3 = -0.981389296931198*a.^3 + 0.0596799465734188*a.^2 - 1.29614940062047*a + 0.534452974786953;
  out4 = -0.869546949487873*a.^3 + 56.6553501855205*a.^2 - 70.0836348720752*a + 30.6100629635936;
  out5 = -16.9535027365645*a.^3 - 55.7707162945703*a.^2 + 63.853790915937*a - 28.5334483115476;
  out6 = 3.82121721355068e-29*a.^2.*(4.58706499600301e+29*a + 1.39882392611259e+29);
  out7 = -1.78173668839598*a.^3;
  out8 = 2.07661465204603;
  out9 = a;

end
