function [out1, out2, out3, out4, out5] = PS4_ship_heading_RST_example_noaliasing(a)
  %PS4_SHIP_HEADING_RST_EXAMPLE_NOALIASING  Autogenerated by sympy
  %   Code generated with sympy 0.7.6
  %
  %   See http://www.sympy.org/ for more information.
  %
  %   This file is part of 'project'

  out1 = -0.486457894317333*a + 0.548934401117437;
  out2 = -23.9942021415893*a + 36.1547059971148;
  out3 = 17.1460808200645*a - 29.3065846755898;
  out4 = 6.84812132152482;
  out5 = a;

end
