function [out1, out2, out3, out4, out5, out6, out7, out8, out9, out10, out11] = RST_example_aliasing(a)
  %RST_EXAMPLE_ALIASING  Autogenerated by sympy
  %   Code generated with sympy 0.7.6
  %
  %   See http://www.sympy.org/ for more information.
  %
  %   This file is part of 'project'

  out1 = -4.0*a + 1.42140275816017;
  out2 = 6.0*a.^2 - 5.68561103264068*a + 2.0961052492733;
  out3 = -4.0*a.^3 + 8.52841654896102*a.^2 - 8.38442099709322*a + 2.92018873285642;
  out4 = 0.455360670818637*a.^4 - 2.32869913240506*a.^3 + 5.38239533770142*a.^2 - 5.12669902254084*a + 1.75143708540282;
  out5 = 25.447156161159*a.^4 - 156.844826966403*a.^3 + 336.13593650405*a.^2 - 306.22482671798*a + 101.635942011644;
  out6 = -17.3171761421304*a.^4 + 124.324906890288*a.^3 - 287.356056389879*a.^2 + 273.704906641866*a - 93.5059619926153;
  out7 = 0.0;
  out8 = 0.0;
  out9 = 0.0;
  out10 = 8.1299800190286;
  out11 = a;

end
