function [out1, out2, out3, out4, out5, out6, out7, out8, out9] = RST_example_aliasing(a)
  %RST_EXAMPLE_ALIASING  Autogenerated by sympy
  %   Code generated with sympy 0.7.6
  %
  %   See http://www.sympy.org/ for more information.
  %
  %   This file is part of 'project'

  out1 = -3.0*exp(-0.14*a) + 0.303039827876199;
  out2 = 3.0*exp(-0.28*a) - 0.90911948362861*exp(-0.14*a) + 0.347546032319962;
  out3 = -2.16075336817355*exp(-0.42*a) + 4.62468678941254*exp(-0.28*a) - 4.93453519222313*exp(-0.14*a) + 1.72290452579443;
  out4 = -11.1379297663082*exp(-0.42*a) + 35.6524726341564*exp(-0.28*a) - 37.3444331011921*exp(-0.14*a) + 12.8743964377876;
  out5 = 7.67163845244122*exp(-0.42*a) - 25.253598692555*exp(-0.28*a) + 26.9455591595906*exp(-0.14*a) - 9.40810512392042;
  out6 = 0.0;
  out7 = 0.0;
  out8 = 3.46629131386677;
  out9 = exp(-0.14*a);

end
